Value: 8.72781
Vector: [-17.3046, -64.2584, -34.2076, -61.2399, -12.9944, -4.49722, -6.26705, 80.9192, 13.2865, -83.1174]
Norm: 2.27673e-12

Value: 10.1005
Vector: [28.9333, -33.2128, -28.5412, -1.87421, -54.3837, -49.2722, -73.8676, 1.29875, 110.231, -85.6953]
Norm: 156.534

Value: 0
Vector: [11.5392, 47.6382, 20.0505, 54.0261, -24.8966, 10.9257, -9.83558, 19.7869, 48.9767, 42.5453]
Norm: 919.357

Value: 40.9829
Vector: [-210.48, -182.496, 47.8481, 208.878, -50.2727, -24.6001, 73.7173, 137.189, -15.4732, -191.11]
Norm: 14202.9

Value: 25.8097
Vector: [136.769, 18.0732, -49.5262, -65.7973, -101.512, -38.0644, -85.3625, 58.19, -5.0461, 37.2382]
Norm: 6886.06

Value: 10.9092
Vector: [-10.4311, -37.9178, -46.911, -31.1496, -30.4189, -46.8813, -74.1493, -37.542, 19.1085, 13.5717]
Norm: 2487.45

Value: 30.0316
Vector: [27.7883, -132.756, -81.8202, 18.7879, 94.0539, 65.643, 37.7579, -20.1945, -2.89454, 1.83115]
Norm: 7808.47

Value: 14.1435
Vector: [34.0894, -36.3541, 34.3025, -39.2939, 12.827, 32.8491, 20.5502, -24.2376, -51.6908, -45.1092]
Norm: 2250.56

Value: 26.7634
Vector: [12.3179, -153.651, -244.573, -154.301, -121.853, -19.7504, -147.486, -109.106, -33.1119, -107.654]
Norm: 8088.63

Value: 9.95381
Vector: [0, -3.55271e-15, -7.10543e-15, 5.32907e-15, 7.10543e-15, 7.10543e-15, 2.13163e-14, -3.55271e-15, 0, 5.32907e-15]
Norm: 3.50192e-13

Value: 9.48143
Vector: [77.2953, -104.719, 44.46, -66.5896, 42.6201, -42.7552, -25.3674, -49.9798, 46.1894, -7.43789]
Norm: 1.67357e-12

Value: 7.58095
Vector: [26.7523, -12.3518, 21.3539, 36.0424, -19.567, 2.6977, -14.2846, -7.94078, 62.57, -22.3147]
Norm: 821.633

Value: 10.1752
Vector: [-1.59872e-14, 6.75016e-14, -3.90799e-14, 5.68434e-14, 3.01981e-14, 5.32907e-14, 5.7454e-15, 7.81597e-14, -6.75016e-14, 1.56319e-13]
Norm: 4.46987e-12

Value: 11.5847
Vector: [0, -5.32907e-15, -6.21725e-15, -1.42109e-14, 7.10543e-15, 7.10543e-15, -7.10543e-15, 7.10543e-15, 7.10543e-15, 0]
Norm: 3.84509e-13

Value: 4.75264
Vector: [-7.2474, 24.1974, -18.85, 14.6802, -32.8633, 23.1238, -28.6572, 35.4419, 2.81119, -11.4165]
Norm: 364.267

Value: 11.14
Vector: [124.605, -52.2316, -106.352, 55.4764, -139.744, 22.5895, -21.5697, -23.2514, 73.3344, 50.3779]
Norm: 9.27524e-13

Value: 21.2647
Vector: [-18.3454, 0.685971, -86.4581, 39.867, 71.2872, -46.2047, 60.7788, -78.5767, 10.3771, 42.5343]
Norm: 4609.95

Value: 7.53789
Vector: [1.15463e-14, -1.06581e-14, 2.84217e-14, 2.17604e-14, 2.4869e-14, 3.73035e-14, 2.22045e-14, 1.06581e-14, 1.77636e-15, -7.10543e-15]
Norm: 1.10942e-12

Value: 13.3149
Vector: [44.1083, -50.7127, -106.907, -22.8079, 49.5591, 3.92628, -79.1801, -2.77206, -0.753923, -60.504]
Norm: 1018.98

Value: 42.2375
Vector: [-94.2187, -1.95349, -179.993, 138.189, -31.899, -1.41671, 103.22, -123.998, -253.945, -32.2352]
Norm: 15635.5

Value: 8.88434
Vector: [33.7774, -32.0287, 18.7298, -33.6814, 4.55044, 63.251, -79.7885, 66.8594, -72.9737, 32.9517]
Norm: 4.80024e-13

Value: 9.73882
Vector: [-3.30792, 67.3115, 119.484, 31.7298, -3.25592, -25.748, 26.2875, 72.0892, -84.9491, -48.7775]
Norm: 1.12526e-12

Value: 14.0394
Vector: [-0.558004, -43.221, -6.51441, -20.1003, -3.98173, 6.85189, -40.5448, -8.70569, 2.21854, -22.7763]
Norm: 1579.1

Value: 34.0193
Vector: [-4.34765, 120.901, -97.7598, 68.9524, -113.631, 131.957, 63.0504, 137.084, -148.057, 44.0906]
Norm: 12634.7

Value: 10.9516
Vector: [-8.38738, 98.3275, 59.3314, -29.2299, -34.6939, -114.775, 168.13, -2.28827, -10.7018, -25.7527]
Norm: 1.87653e-12

Value: 7.68575
Vector: [7.10543e-15, -1.77636e-15, 3.55271e-15, -1.77636e-14, -7.10543e-15, 2.66454e-15, -3.55271e-15, 8.88178e-16, 8.88178e-15, -1.42109e-14]
Norm: 6.47075e-14

Value: 11.9673
Vector: [-38.0448, -17.049, -27.2495, 27.6716, -26.8314, -25.4895, -8.47461, 33.079, 29.8345, -10.8897]
Norm: 1429.46

Value: 23.148
Vector: [65.9518, -34.3652, 72.8298, 63.4516, 7.47235, -67.9302, 35.9089, 51.838, 66.1911, 49.3007]
Norm: 3183.11

Value: 13.1526
Vector: [-3.8921, 18.4207, 10.1891, 13.2075, -24.4637, -8.02001, -5.61487, -9.34004, -1.11236, -10.1125]
Norm: 890.903

Value: 7.64734
Vector: [29.9717, -31.4089, 9.87992, 43.7158, -0.767537, -32.0166, 1.41579, -49.4065, -32.8114, -3.12738]
Norm: 131.321

Value: 19.6894
Vector: [-9.47248, 27.9703, 46.7753, -20.3922, 3.13818, 25.6715, 20.9098, -1.02538, 73.9541, -40.8856]
Norm: 2698.11

Value: 7.2097
Vector: [7.24556, 6.80765, -75.2638, 41.0458, -21.0893, -7.70116, 0.359213, -49.0112, 21.1912, -1.99641]
Norm: 1.60454e-11

Value: 7.12898
Vector: [-28.0756, 24.4007, 0.703847, -13.9671, -13.1691, 23.0843, 62.4511, 19.4919, 10.1032, -2.97487]
Norm: 861.042

Value: 86.5077
Vector: [-449.513, -28.0048, 242.511, -178.782, 334.183, -374.876, -362.341, -402.738, -290.075, -211.907]
Norm: 78274.5

Value: 4.27369
Vector: [-4.58324, -11.6136, -12.7074, -1.7147, 17.2891, 16.799, -6.42738, 4.3618, -30.6132, -9.61632]
Norm: 380.684

Value: 10.7832
Vector: [39.3605, -91.5283, 58.6757, 95.0441, -31.055, 116.181, -60.3294, 1.20773, 115.612, 14.4516]
Norm: 1.42886e-11

Value: 10.3454
Vector: [-87.207, 93.8062, 40.7396, -82.2054, 47.047, -121.053, -2.31401, -17.7511, -54.1417, -29.6389]
Norm: 2.61391e-12

Value: 9.22341
Vector: [24.9894, -39.221, -19.1703, 116.109, -35.2545, -24.9932, -17.1827, 96.3499, -28.8968, 25.6093]
Norm: 5.90734e-13

Value: 8.27261
Vector: [7.74574, 0.272772, -3.26622, 83.5026, -16.7134, -61.3895, -51.1596, 49.976, 33.4894, 37.4983]
Norm: 5.48041e-12

Value: 10.0822
Vector: [21.437, -40.1196, 2.84674, -24.7954, -11.2252, 15.6326, -8.9534, 31.8568, -49.9934, 44.5508]
Norm: 1600.91

Value: 15.8587
Vector: [8.51863, -21.7659, 18.8285, 19.8191, -7.98986, -12.4624, 23.8736, 6.49193, -42.2237, 13.8448]
Norm: 1717.15

Value: 41.1389
Vector: [-105.469, -48.3363, 181.92, 115.5, -124.117, -43.3743, -26.4557, 43.0755, 72.5326, 76.8808]
Norm: 14710

Value: 11.0438
Vector: [-43.3006, -9.33756, 42.0618, 53.2692, 49.2396, -27.0118, 4.33119, 64.7895, 33.3965, -43.7049]
Norm: 1031.09

Value: 35.9594
Vector: [178.535, -126.725, 40.288, -75.1666, -146.111, 109.855, -95.7383, 117.391, -112.78, -279.145]
Norm: 13159.9

Value: 9.62671
Vector: [-2.13163e-14, 1.06581e-14, 4.44089e-16, 1.42109e-14, -1.42109e-14, -1.42109e-14, -1.42109e-14, -1.42109e-14, 1.77636e-15, 8.88178e-16]
Norm: 7.18459e-13

Value: 25.2912
Vector: [-203.657, -85.3635, 151.203, -343.003, -163.667, 168.913, 61.0935, 123.739, 48.133, -93.3392]
Norm: 7687.11

Value: 9.9695
Vector: [-13.802, -53.5111, 14.9222, -54.1639, -84.3362, 102.39, 26.2756, -80.8781, 60.4952, 69.3986]
Norm: 4.95223e-12

Value: 21.9328
Vector: [10.6877, -34.9654, -39.6108, -28.2646, 79.4307, -84.5881, 106.615, -95.7778, 36.9885, 95.1058]
Norm: 3624.95

Value: 8.97755
Vector: [-7.10543e-14, -7.10543e-14, -1.19904e-14, 4.26326e-14, 3.90799e-14, 1.42109e-14, 4.9738e-14, -2.4869e-14, -3.55271e-14, 8.52651e-14]
Norm: 3.08503e-12

Value: 8.89489
Vector: [-3.91746, 101.701, -45.2685, -36.5728, 31.2893, -49.6883, -48.1744, 32.2057, 53.0065, 40.9692]
Norm: 2.5653e-12

Value: 10.5224
Vector: [-2.4869e-14, -3.55271e-14, -4.26326e-14, 3.55271e-14, -5.32907e-15, 3.55271e-14, 0, 4.88498e-15, 1.42109e-14, 4.26326e-14]
Norm: 1.91653e-12

Value: 18.0218
Vector: [85.1726, 33.4103, -54.1553, -62.6973, 71.064, -3.9691, -4.03105, -25.4668, -29.46, 22.8572]
Norm: 3902.94

Value: 9.101
Vector: [118.198, 97.2268, 7.89443, 3.57944, 13.3161, -12.3511, 5.01273, 51.0219, 30.5067, -7.36219]
Norm: 2.7821e-12

Value: 17.9189
Vector: [-8.25874, -90.2695, 28.6785, -11.1742, -33.5827, -21.754, -56.2865, -75.699, -102.159, 8.09794]
Norm: 2415.83

Value: 10.3514
Vector: [81.5201, 83.4314, 23.9383, -2.74839, 27.1949, 28.1981, 63.9221, -88.4071, 60.3196, 6.61668]
Norm: 393.595

Value: 12.1486
Vector: [-3.55271e-15, -1.42109e-14, 8.88178e-16, -7.10543e-15, 7.10543e-15, -7.10543e-15, 5.32907e-15, -8.88178e-15, 2.13163e-14, -1.42109e-14]
Norm: 7.64342e-13

Value: 31.1509
Vector: [-33.9898, 159.501, -1.37112, 114.055, -29.2121, -99.5362, 25.1786, 114.09, 22.8007, -117.591]
Norm: 8349.97

Value: 135.983
Vector: [-531.909, 196.733, -57.2362, 72.4844, -141.156, 54.2481, -67.5703, 265.931, 264.535, -354.434]
Norm: 111226

Value: 7.72618
Vector: [-3.55271e-15, -7.10543e-15, 0, 3.55271e-15, 1.77636e-14, -1.77636e-15, 1.59872e-14, 1.29896e-14, 6.10623e-15, 3.55271e-15]
Norm: 9.2248e-14

Value: 15.6309
Vector: [-88.2349, -24.2836, 97.7207, -106.634, 1.9045, -7.81049, -109.339, 15.4699, 52.8073, 62.2925]
Norm: 1700.11

Value: 8.45184
Vector: [48.5672, -60.6184, 28.2347, -38.4609, -1.45203, -17.6288, 45.8143, 66.5787, -58.6591, -42.6119]
Norm: 1.08728e-11

Value: 29.54
Vector: [-113.996, 78.2644, 38.9834, -48.0697, 82.2201, -75.9346, -141.837, -34.0723, -88.1146, -123.252]
Norm: 6684.28

Value: 0
Vector: [19.8526, -21.1871, -38.5225, 5.97882, -8.08253, 22.995, 32.3185, -49.4557, -9.46523, -10.3293]
Norm: 619.713

Value: 8.8263
Vector: [20.7494, -0.578473, -28.8204, -8.01272, 66.9068, 42.4283, -12.1383, -35.9884, -20.1993, -15.2057]
Norm: 1011.85

Value: 8.48645
Vector: [34.9837, -66.5016, -35.7415, -36.1031, -26.0928, -49.8057, 10.9972, 76.5533, 46.8196, -34.4287]
Norm: 9.66025e-13

Value: 13.1049
Vector: [-29.5565, -17.5088, -12.1324, -106.326, 52.9878, -75.5386, -16.1239, 16.8834, -6.29329, 29.0553]
Norm: 2181.09

Value: 12.5315
Vector: [-7.10543e-15, -1.77636e-14, -2.13163e-14, -2.66454e-15, 1.42109e-14, -1.42109e-14, 0, 2.84217e-14, 8.88178e-15, 0]
Norm: 1.04593e-12

Value: 10.9615
Vector: [59.4988, 30.2533, -40.476, 56.1482, -46.0418, -41.8144, -90.9413, 113.053, -78.4179, -132.038]
Norm: 4.82332e-13

Value: 10.7404
Vector: [-7.10543e-15, 1.42109e-14, -7.10543e-15, 0, -1.42109e-14, 1.15463e-14, 3.55271e-15, 9.76996e-15, -7.10543e-15, -1.06581e-14]
Norm: 2.6978e-13

Value: 10.3981
Vector: [27.6167, 35.9279, -4.89915, 36.7538, 24.2953, -32.2038, 13.0886, -5.82616, -72.1516, 2.6278]
Norm: 513.236

Value: 11.7203
Vector: [-14.8701, -16.7194, -4.83905, 7.61092, 5.12694, -2.2226, 9.27734, -10.0129, -20.2384, 13.1211]
Norm: 800.762

Value: 39.1209
Vector: [-82.1569, 52.2998, 163.616, -153.491, 44.6873, -3.86352, 111.599, -35.4735, -134.239, -129.079]
Norm: 16086.3

Value: 9.9011
Vector: [4.95986, 30.2123, -18.3395, -39.7853, 6.07656, 70.2261, -48.776, -23.3495, 20.2288, -15.7951]
Norm: 1744.28

Value: 16.7348
Vector: [-75.4097, 45.0247, 31.4264, -61.1273, 45.9085, -82.188, -5.14633, 33.6041, 5.01074, 48.218]
Norm: 2645.72

Value: 9.10154
Vector: [-4.9738e-14, 1.42109e-14, 5.68434e-14, -3.55271e-15, -1.06581e-14, -3.90799e-14, -5.32907e-15, -1.06581e-14, 1.77636e-14, -4.26326e-14]
Norm: 1.83379e-12

Value: 15.1458
Vector: [-83.4255, 15.3332, -47.0633, -89.1042, -48.3592, -36.132, 74.2406, -30.044, -3.98485, 32.3212]
Norm: 1658.38

Value: 15.3703
Vector: [31.7093, -65.9047, 4.2696, 40.8736, 3.82347, -116.76, 56.2002, -133.814, 13.3048, 11.0669]
Norm: 1708.41

Value: 10.7284
Vector: [7.87385, 9.09241, -8.32574, -4.14303, -4.266, 1.47843, -9.37603, -6.76108, 15.9288, 12.8943]
Norm: 560.412

Value: 10.6723
Vector: [-20.5457, 137.564, -57.2114, 147.107, 41.3914, 49.8523, 37.6456, 33.3453, -12.9258, 27.1518]
Norm: 5.63438e-13

Value: 8.44603
Vector: [-1.42109e-14, 8.88178e-15, 1.42109e-14, 0, -1.77636e-15, 6.21725e-15, -5.32907e-15, -1.06581e-14, -2.13163e-14, 1.06581e-14]
Norm: 6.10916e-13

Value: 9.77647
Vector: [39.6024, -35.1627, -41.5652, 22.3198, 0.482967, 6.78695, -113.569, 98.996, 29.9329, 88.7173]
Norm: 1.06846e-11

Value: 20.198
Vector: [-42.1901, 28.2682, 150.022, -35.8368, -26.3712, -36.6336, 3.5162, 48.8008, 58.0871, 26.6866]
Norm: 3385.91

Value: 11.7213
Vector: [-9.9476e-14, 5.68434e-14, 7.10543e-15, -7.81597e-14, -7.81597e-14, 4.26326e-14, 6.39488e-14, 6.21725e-15, 2.13163e-14, 3.55271e-14]
Norm: 4.27599e-12

Value: 13.2406
Vector: [-6.20366, -35.3758, -5.79943, 48.0145, 45.288, 55.2845, 6.52106, -0.0799376, -45.2419, -19.3181]
Norm: 2065.66

Value: 66.8911
Vector: [-165.225, 133.505, 139.457, 11.7019, 143.785, 334.704, -49.2583, -36.5781, 143.29, -267.991]
Norm: 39042.7

Value: 8.26263
Vector: [18.3244, 63.71, 22.1735, -79.9783, -61.9428, 24.0092, 27.8676, 36.2608, 29.106, -2.97981]
Norm: 2.10736e-12

Value: 32.0901
Vector: [-204.698, 112.786, -49.3962, 27.1246, 166.818, 15.7691, 183.182, 89.8504, 20.0365, -51.0224]
Norm: 8714.26

Value: 8.34929
Vector: [-2.4869e-14, 7.99361e-15, -5.68434e-14, -3.55271e-15, -3.90799e-14, 9.23706e-14, -5.32907e-15, -1.77636e-15, -1.15463e-14, -5.77316e-15]
Norm: 1.64293e-12

Value: 56.0874
Vector: [104.177, -41.841, 318.079, -103.476, 191.672, -80.1943, 139.456, 93.5727, 42.2954, 113.256]
Norm: 22683.5

Value: 10.0132
Vector: [3.55271e-15, 8.88178e-15, 1.42109e-14, -1.42109e-14, -2.13163e-14, -2.66454e-15, 3.55271e-15, 7.10543e-15, 0, -1.42109e-14]
Norm: 5.87832e-13

Value: 8.45371
Vector: [-25.0415, 11.8615, 35.0403, 67.8519, 9.40633, 39.3729, -16.2724, 72.9264, 15.8261, 24.4734]
Norm: 200.934

Value: 8.92701
Vector: [7.10543e-15, 0, 1.77636e-15, 0, -3.55271e-15, 0, -8.88178e-16, -1.77636e-15, -3.55271e-15, -1.55431e-15]
Norm: 9.90386e-14

Value: 0
Vector: [44.4217, 14.6861, -10.4171, 79.4745, 10.3762, 22.4382, -17.2608, 11.955, -13.5748, 39.1352]
Norm: 1186.03

Value: 9.12727
Vector: [-7.81597e-14, 2.84217e-14, 4.9738e-14, 3.55271e-15, 4.9738e-14, -1.59872e-14, 2.84217e-14, 3.90799e-14, 2.13163e-14, -3.19744e-14]
Norm: 2.35276e-12

Value: 8.31625
Vector: [2.30926e-14, -2.13163e-13, -2.93099e-14, 6.39488e-14, 1.56319e-13, -2.27374e-13, -4.70735e-14, -1.79856e-14, -2.93099e-14, -5.15143e-14]
Norm: 5.85889e-12

Value: 6.27017
Vector: [-23.0426, 39.2021, 24.0735, 23.3552, -10.8097, 34.9312, -26.4261, -11.2225, -11.2343, -2.56875]
Norm: 702.901

Value: 9.62799
Vector: [94.7771, 104.287, 67.8501, -24.1132, -18.6875, 4.69393, 55.7973, -38.5218, 14.8839, -64.3281]
Norm: 2.7452e-12

Value: 10.1688
Vector: [-4.26326e-14, -1.77636e-15, -1.42109e-14, -3.55271e-15, 8.88178e-15, -3.55271e-14, -7.10543e-15, 1.06581e-14, 1.77636e-15, -7.10543e-15]
Norm: 1.11666e-12

Value: 10.8665
Vector: [12.4444, 67.7392, 121.987, 61.7815, 43.8457, 51.1563, 147.674, -1.45757, 41.8747, -65.0229]
Norm: 1.07183e-11

Value: 10.4336
Vector: [-4.9738e-14, 6.39488e-14, 1.33227e-15, 4.9738e-14, 5.68434e-14, 1.59872e-14, 8.52651e-14, 1.55431e-15, 4.9738e-14, -4.44089e-15]
Norm: 3.13646e-12

Value: 20.2861
Vector: [-34.4776, -30.9257, -97.5717, 78.8963, 50.7403, 80.0333, -32.1066, 2.64785, -6.6481, 56.1347]
Norm: 2572.9

Value: 36.4263
Vector: [118.487, -91.2468, 67.1357, -64.7903, 11.7172, 7.42807, 141.908, -45.9234, 94.0307, 197.009]
Norm: 14955

Value: 9.64204
Vector: [-2.27374e-13, 3.05533e-13, -3.97904e-13, 4.21885e-15, -1.45661e-13, 3.83693e-13, 1.03029e-13, 9.76996e-15, -1.74083e-13, 1.98952e-13]
Norm: 1.43989e-11

Value: 8.71563
Vector: [-1.24345e-14, 2.13163e-14, 7.10543e-15, -1.42109e-14, -1.86517e-14, 2.4869e-14, 3.55271e-15, -2.4869e-14, -8.52651e-14, 1.33227e-14]
Norm: 1.15293e-12

Value: 9.30302
Vector: [61.0601, -7.09996, 10.2556, 8.6903, -34.8103, 41.888, -129.738, -55.6668, -4.20844, -34.5685]
Norm: 663.48

Value: 8.86413
Vector: [56.4829, 38.8109, -49.5125, 77.7093, -9.04646, 17.9355, -63.3311, -75.5567, -4.22962, -36.9713]
Norm: 3.02795e-13

Value: 11.0545
Vector: [-7.10543e-15, 3.55271e-15, -2.84217e-14, 4.44089e-16, 7.10543e-15, -5.32907e-15, -2.13163e-14, -2.84217e-14, -3.55271e-15, 3.55271e-15]
Norm: 8.9712e-13

Value: 9.99667
Vector: [68.3796, 34.5567, -16.8134, -109.673, -115.731, -73.2966, 23.6429, 36.4504, -32.1402, -8.90754]
Norm: 6.82269e-13

Value: 39.4515
Vector: [24.6906, -229.463, 120.208, -101.474, 163.749, 78.3152, -22.6956, -5.18533, 67.8173, -116.608]
Norm: 13881.7

Value: 9.3094
Vector: [6.66134e-15, -1.42109e-14, 4.26326e-14, -2.4869e-14, 1.59872e-14, 1.9984e-15, -5.68434e-14, -4.26326e-14, -5.68434e-14, 2.84217e-14]
Norm: 1.96746e-12

Value: 55.4252
Vector: [58.59, 235.722, -223.543, -50.0148, -75.4527, 96.1288, 85.2127, -170.839, 39.9106, 364.309]
Norm: 29095.8

Value: 10.764
Vector: [35.3937, 1.95172, 3.5254, 35.2175, 131.624, -130.598, -25.7609, -109.151, 63.9573, 11.8186]
Norm: 1.25188e-11

Value: 10.684
Vector: [-3.55271e-15, 1.06581e-14, 5.32907e-15, -7.10543e-15, 7.10543e-15, -1.77636e-15, 0, -2.86438e-14, 1.06581e-14, -7.10543e-15]
Norm: 3.17035e-13

Value: 20.5101
Vector: [94.5861, -145.005, 0.0932501, -48.5963, 18.7127, 35.4948, -72.137, 127.692, -2.38493, -52.5113]
Norm: 3312.89

Value: 10.8561
Vector: [153.788, -19.3831, -1.33248, -7.73323, 41.3885, -13.3582, -85.834, -142.736, 39.028, -17.767]
Norm: 1.54306e-12

Value: 39.1842
Vector: [-166.303, 92.8802, -86.3551, 7.18167, -167.357, -18.3135, 33.5231, -123.357, -91.1173, 23.8336]
Norm: 15503.3

Value: 0
Vector: [15.4771, -2.34522, 32.4558, -63.8112, 8.29171, -31.5363, 42.0074, 29.7076, -17.2071, 22.544]
Norm: 824.752

Value: 11.527
Vector: [23.4631, -37.1731, 29.735, -64.5187, 6.37215, -121.021, 51.7757, 77.0412, 37.9676, 73.8322]
Norm: 537.339

Value: 12.0649
Vector: [-37.259, -53.335, 17.4545, 30.3332, -13.5153, 23.4094, 0.930577, 7.97294, -9.95417, -55.1926]
Norm: 1396.14

Value: 9.65115
Vector: [-54.1261, -79.231, 44.7045, 64.3432, 50.2242, 35.0489, 43.5444, 28.4539, 81.6107, -79.0006]
Norm: 3.26541e-13

Value: 0
Vector: [-25.3579, 5.75175, -15.7108, -32.841, -19.7184, 16.1895, -37.4707, -5.09016, -15.9915, 31.2147]
Norm: 556.601

Value: 16.6354
Vector: [30.236, 30.7038, 14.5045, 30.0238, 33.3703, 27.7131, -7.20281, 23.2951, -3.56164, 4.04327]
Norm: 2008.52

Value: 11.3414
Vector: [1.47729, -30.92, 21.7366, 71.0783, 20.0343, -5.02548, 37.2525, 16.8664, 3.04009, 18.931]
Norm: 1666.85

Value: 9.19225
Vector: [80.3569, 15.0718, 21.7694, 81.0292, -51.5783, -62.1851, 68.5392, 23.4468, 49.4423, -24.8189]
Norm: 8.23739e-13

Value: 8.71316
Vector: [-1.42109e-14, 0, 5.32907e-15, -3.55271e-15, -1.06581e-14, -1.42109e-14, 6.21725e-15, -7.10543e-15, -1.24345e-14, -1.06581e-14]
Norm: 4.51965e-13

Value: 10.6989
Vector: [-2.13163e-14, 7.10543e-15, -1.42109e-14, 3.55271e-15, -3.55271e-15, -3.55271e-15, -1.42109e-14, 0, 1.42109e-14, 5.32907e-15]
Norm: 6.07617e-13

Value: 9.77198
Vector: [58.795, 8.87351, -152.741, -64.0351, 25.7254, -20.746, -28.8481, 11.3441, -58.6545, -3.91231]
Norm: 2.69198e-12

Value: 11.1623
Vector: [74.9777, -0.475839, 30.7007, -5.56404, -20.679, 16.3254, -50.8612, 8.31828, 28.4807, 60.638]
Norm: 1041.59

Value: 10.0597
Vector: [14.9923, -62.2899, -20.5312, 6.76005, 28.7686, -69.073, -14.7008, 11.5791, 38.1118, -30.39]
Norm: 1947.05

Value: 19.0371
Vector: [-19.5702, 103.621, 130.941, -30.9347, 32.2884, -1.08214, 43.5461, 29.2301, 85.5905, -1.97296]
Norm: 2362.02

Value: 62.6352
Vector: [40.8494, 300.579, -218.603, 416.847, -359.182, 320.313, -13.585, -80.5437, 34.9821, 209.524]
Norm: 43970.9

Value: 8.98462
Vector: [6.88338e-15, 2.13163e-14, -1.06581e-14, -1.77636e-15, -4.26326e-14, 2.84217e-14, -1.06581e-14, -3.10862e-15, -7.99361e-15, -6.21725e-15]
Norm: 1.11232e-12

Value: 18.447
Vector: [0.0720431, 60.166, -7.78536, -58.5102, -7.40028, 19.5788, -49.407, -40.1796, -25.8607, 6.35276]
Norm: 3134.62

Value: 16.987
Vector: [15.8753, 33.7497, 27.0873, 11.3093, 76.9984, 20.7572, 4.70361, -34.5116, -56.2949, 40.8878]
Norm: 2622.07

Value: 8.29021
Vector: [-3.55271e-15, 3.55271e-15, 0, 0, 0, 0, -3.55271e-15, 3.55271e-15, 5.32907e-15, -2.66454e-15]
Norm: 7.63455e-14

Value: 7.59748
Vector: [-8.88178e-16, 4.44089e-15, -5.32907e-15, 0, 0, 3.55271e-15, -1.77636e-15, -4.88498e-15, 3.55271e-15, -1.24345e-14]
Norm: 7.86561e-14

Value: 15.4548
Vector: [-222.083, 156.128, -88.7367, 17.5983, -18.8969, 11.3969, -29.4511, -42.9279, 63.8881, -59.7446]
Norm: 1643.28

Value: 8.84258
Vector: [-48.2447, -16.0284, -95.0828, 33.2114, 6.52516, -22.569, 39.681, 35.8716, 50.4515, 75.9512]
Norm: 1.43524e-12

Value: 33.9567
Vector: [85.0037, 1.4628, 90.6595, -340.077, 38.6408, -138.103, -206.558, -257.773, 173.88, -202.17]
Norm: 15012.2

Value: 0
Vector: [-0.249352, 38.8042, -17.899, 8.17288, 30.5201, -3.62686, -1.63881, -6.97217, -10.8676, -44.6687]
Norm: 655.973

Value: 10.2733
Vector: [62.2302, 40.3376, 94.4282, -11.1536, 37.1509, 14.9721, 2.69855, -56.7164, -44.7562, -47.2127]
Norm: 645.161

Value: 10.1111
Vector: [-17.3395, -55.4744, -14.8517, -122.14, 93.805, 22.8695, -42.8763, -32.5624, -12.1358, 104.509]
Norm: 6.13046e-13

Value: 9.84712
Vector: [4.48104, 110.585, -88.4658, -46.2596, 3.04319, -104.118, -32.5607, 5.50199, 45.0001, 37.8006]
Norm: 1.61258e-12

Value: 11.7157
Vector: [2.13163e-14, 1.42109e-14, -3.55271e-15, 8.88178e-15, 1.06581e-14, 2.84217e-14, 3.55271e-15, 0, 7.10543e-15, 1.77636e-15]
Norm: 7.83836e-13

Value: 9.09816
Vector: [114.095, 28.916, 23.2652, 23.9474, -34.1011, -5.44179, 36.0163, -97.3527, 18.7868, 10.9138]
Norm: 8.89259e-12

Value: 16.1971
Vector: [-8.45248, 50.9792, -69.2059, -55.5034, -31.0996, -42.3346, -17.3372, 52.199, 21.5123, 74.382]
Norm: 1485.13

Value: 19.6256
Vector: [-26.9704, 35.995, -25.3846, 129.657, 63.2064, 75.5174, -70.8862, 29.3651, -32.1835, -51.7568]
Norm: 2432.44

Value: 9.10753
Vector: [-36.3872, 55.2466, 48.3417, -3.49105, 8.50029, 76.6601, 3.83772, 39.0647, 23.3466, -91.8504]
Norm: 79.5613

Value: 31.4772
Vector: [-44.2605, -21.8369, -55.1447, 142.922, 10.1544, -23.0206, 32.4033, 25.5298, -7.1225, -27.4914]
Norm: 6496.13

Value: 11.57
Vector: [-3.80024, 3.9758, -25.3439, 9.42432, 6.06384, -29.5198, 27.3685, -34.198, 28.8393, -16.5112]
Norm: 988.087

Value: 18.4456
Vector: [-46.5821, 10.3243, 39.6127, 17.4149, 95.6995, 5.43039, -75.8789, -78.7452, 16.7871, 130.734]
Norm: 2586.27

Value: 31.2009
Vector: [-1.98306, -157.739, -33.3122, 179.113, 276.248, 93.7558, -52.9918, -11.2999, -29.7929, 148.561]
Norm: 10813.7

Value: 12.873
Vector: [0.511384, 108.663, 4.02245, 61.7567, -146.523, 196.628, 111.875, -23.5443, 105.375, 99.502]
Norm: 1.25225e-12

Value: 9.89939
Vector: [-2.16679, 30.6368, 109.744, 46.8758, -22.9752, 24.4725, 87.8243, -87.928, 49.591, -64.8036]
Norm: 1.32646e-12

Value: 63.3419
Vector: [-92.9666, 148.85, 151.983, 96.8789, -93.5917, 126.902, -45.0106, 120.102, 269.819, 9.09274]
Norm: 25153.8

Value: 9.92057
Vector: [-27.1514, 11.9648, -52.7299, -31.251, 97.6336, -56.2765, 47.2378, -6.35863, 4.35919, 54.8863]
Norm: 986.447

Value: 10.3293
Vector: [32.7521, -65.7918, 22.2705, 120.232, -1.02537, -65.5623, 41.9122, 19.0519, 51.6363, -126.875]
Norm: 7.51651e-13

Value: 10.2646
Vector: [-7.10543e-15, 0, 7.10543e-15, 0, 4.44089e-15, 5.32907e-15, 7.10543e-15, -1.77636e-14, 1.42109e-14, -1.06581e-14]
Norm: 4.76973e-13

Value: 9.09915
Vector: [-3.55271e-15, 3.55271e-15, -1.77636e-15, -3.55271e-15, -3.55271e-15, 0, 0, -1.06581e-14, 0, 0]
Norm: 7.83934e-14

Value: 8.17252
Vector: [7.10543e-15, -3.55271e-15, 8.88178e-16, -7.10543e-15, 3.55271e-15, -1.77636e-15, -3.55271e-15, 5.32907e-15, 8.88178e-15, -8.88178e-15]
Norm: 8.21079e-14

Value: 7.87776
Vector: [52.1533, -62.9582, 8.12993, -55.6051, -10.5132, -2.04788, 45.8709, -47.4387, 19.4538, -26.7555]
Norm: 1.5069e-12

Value: 11.5769
Vector: [-127.45, 118.306, 64.7684, -92.5302, 111.671, -9.36693, 20.126, -93.0517, -8.04617, 84.6586]
Norm: 1.33975e-12

Value: 25.6758
Vector: [-74.1314, -116.215, -68.2777, -112.456, -17.3936, 100.053, 50.3474, -19.9724, 56.9984, -86.5888]
Norm: 5661.38

Value: 10.2522
Vector: [-33.4415, 14.0584, -11.8612, -51.8595, -17.2876, -101.763, -55.4961, 109.153, -49.6196, -109.241]
Norm: 1.27653e-12

Value: 7.78914
Vector: [-3.55271e-15, -2.13163e-14, -1.06581e-14, -8.88178e-15, 7.10543e-15, 0, 1.86517e-14, -1.06581e-14, 7.10543e-15, 1.33227e-14]
Norm: 6.23888e-14

Value: 8.18417
Vector: [5.27356e-15, 3.55271e-15, 3.55271e-15, 7.10543e-15, 0, 3.55271e-15, 1.06581e-14, 3.55271e-15, -3.55271e-15, 0]
Norm: 8.96079e-14

Value: 10.1023
Vector: [-35.6818, -14.8853, -74.0362, -25.1533, -85.6754, 44.6427, 90.1485, -12.5172, -25.9294, 125.555]
Norm: 1.38918e-12

Value: 11.4913
Vector: [-9.23779, -10.6366, 1.5294, 1.38192, -7.75053, 8.21358, 12.9657, 6.6756, -9.2233, 1.80347]
Norm: 536.756

Value: 9.8738
Vector: [28.6376, 8.65291, -44.0627, -7.3703, 21.1193, 49.1308, -28.7428, -24.374, -100.944, -20.9487]
Norm: 362.674

Value: 55.9601
Vector: [-96.5652, -37.5751, 114.706, -363.781, 121.256, -297.93, -330.329, 117.51, 149.311, 197.873]
Norm: 31380.6

Value: 9.30642
Vector: [3.55271e-14, 6.39488e-14, -8.88178e-15, 1.42109e-14, 1.06581e-14, 3.90799e-14, -1.59872e-14, -3.55271e-14, 1.77636e-14, 7.10543e-15]
Norm: 1.48509e-12

Value: 11.4458
Vector: [6.4143, -10.5407, -4.88683, 2.57659, 0.774246, -3.51087, 1.51812, -14.1038, 4.20441, 4.14794]
Norm: 437.377

Value: 26.0007
Vector: [60.2927, 40.8147, 91.5924, -103.373, -43.4135, 16.5763, 139.154, -60.3949, 80.9881, -89.9175]
Norm: 7131.06

Value: 9.7472
Vector: [-31.4398, 47.2092, 84.892, 82.0034, -24.3306, 39.5911, -8.67371, -102.185, -1.70694, -79.2361]
Norm: 4.9546e-13

Value: 15.5231
Vector: [59.1024, 22.364, -22.7834, 7.63595, 125.492, 149.175, 33.1115, -42.8929, 12.2313, 13.87]
Norm: 2124.78

Value: 9.22532
Vector: [-7.10543e-15, -2.13163e-14, 7.10543e-15, -1.06581e-14, 1.42109e-14, 0, 2.13163e-14, -1.06581e-14, -4.44089e-16, 5.32907e-15]
Norm: 6.47022e-13

Value: 17.7855
Vector: [5.24757, -60.0919, -23.7734, 5.37135, -11.667, 15.8087, -14.2979, -50.6127, -63.9267, 40.6131]
Norm: 2540.92

Value: 9.48699
Vector: [-3.11164, -36.6684, 34.2427, 105.424, -7.99536, 32.3655, 3.05111, -15.8673, -106.962, 77.1211]
Norm: 2.13785e-12

Value: 11.2368
Vector: [125.127, 53.7968, 63.2718, 51.8097, -85.6966, -103.412, -133.892, 39.1558, -14.6938, -28.6193]
Norm: 7.37323e-13

Value: 8.08653
Vector: [4.30715, 27.9531, -21.0661, -3.76162, 52.7263, -7.1432, 1.38357, 2.42098, 10.9627, -7.69507]
Norm: 7.36064e-14

Value: 11.9431
Vector: [-34.4908, -172.183, 74.3427, -78.7721, -54.4205, -22.3956, 96.9408, 94.5034, 113.312, 64.6655]
Norm: 1.23102e-12

Value: 16.076
Vector: [12.7204, -4.81049, 5.74014, -37.3004, -142.783, 18.7863, -4.53455, -18.2986, -98.7628, 46.5131]
Norm: 1635.95

Value: 22.6152
Vector: [79.931, -118.751, 103.96, 15.4621, -111.98, -115.347, 3.00081, -35.0419, -50.8977, 86.1806]
Norm: 4516.19

Value: 11.0279
Vector: [-3.55271e-14, -2.13163e-14, 1.42109e-14, -3.55271e-14, 2.39808e-14, 0, 6.21725e-15, -1.42109e-14, 0, 7.10543e-15]
Norm: 4.86449e-13

Value: 8.82751
Vector: [-8.91272, -1.51513, -0.558716, -6.0083, -0.32775, -2.64083, 5.8782, 2.40535, 9.92667, -1.90056]
Norm: 252.173

Value: 11.1458
Vector: [175.606, 10.5405, -13.7498, 9.22975, 5.02888, 65.1995, -12.9619, 133.621, -43.6734, 79.3872]
Norm: 8.82476e-13

Value: 7.92885
Vector: [8.62317, 21.6642, -16.8673, -16.5532, -25.6927, 7.91428, 11.3588, 17.6031, 7.94414, -17.1888]
Norm: 749.058

Value: 40.4962
Vector: [-90.0278, -197.43, -107.224, 60.3443, -45.7516, -145.121, 67.2998, 224.04, 58.0319, -78.4749]
Norm: 12902.4

Value: 11.7273
Vector: [-3.55271e-14, -3.55271e-14, -2.84217e-14, -5.32907e-15, -7.10543e-15, 1.42109e-14, -7.10543e-15, -2.13163e-14, -8.88178e-15, -1.42109e-14]
Norm: 1.28053e-12

Value: 15.9263
Vector: [35.977, -5.3817, -64.9259, 47.0662, 17.4094, 114.782, 48.8515, -64.9934, -100.356, -40.154]
Norm: 1636.55

Value: 10.2878
Vector: [126.011, 7.41301, -61.5445, -34.8511, 3.53495, -43.2443, 80.4409, -50.1758, -27.7186, 110.599]
Norm: 9.02921e-13

Value: 16.6883
Vector: [64.7424, 40.4289, -82.3298, 104.96, 149.443, 19.216, -41.3056, -95.6926, -2.4278, -142.008]
Norm: 2334.83

Value: 8.43678
Vector: [-7.10543e-15, -1.15463e-14, -7.10543e-15, 2.13163e-14, 3.19744e-14, -1.42109e-14, 1.95399e-14, -1.95399e-14, 7.10543e-15, -1.15463e-14]
Norm: 7.75318e-13

Value: 9.39847
Vector: [-3.37508e-14, -5.68434e-14, 4.9738e-14, -1.24345e-14, 4.08562e-14, 4.61853e-14, -3.10862e-15, -7.10543e-14, 7.81597e-14, -5.68434e-14]
Norm: 2.93518e-12

Value: 14.6007
Vector: [-4.7495, -14.3236, 30.3872, -19.9239, -8.85803, -7.26775, 17.2604, -8.52771, 2.4008, -11.0187]
Norm: 1212.02

Value: 13.6733
Vector: [83.3725, 7.86165, 88.3689, -43.7361, -15.3372, 42.3829, 29.5801, -70.1778, -15.8495, -24.4419]
Norm: 1187.25

Value: 9.31416
Vector: [-12.7052, 78.6172, 101.89, -41.665, 53.0019, -40.9286, 14.0048, 25.8921, -67.2877, -42.0322]
Norm: 9.02809e-13

Value: 11.6605
Vector: [-12.8109, -2.35041, -15.7956, 12.8607, 2.1892, -1.35588, -16.4485, -12.5338, 5.65473, -4.73144]
Norm: 714.931

Value: 15.6379
Vector: [-0.0671992, -151.653, -83.0824, -125.249, 111.188, 53.1993, 98.4978, 3.15388, 70.637, 52.827]
Norm: 1717.49

Value: 11.6651
Vector: [60.2308, 27.3148, 78.5375, 160.18, 48.6792, -100.191, -4.91994, -4.9409, 14.7151, 158.719]
Norm: 1.71959e-12

Value: 9.53421
Vector: [7.10543e-15, -3.55271e-14, -2.13163e-14, 2.13163e-14, 2.84217e-14, -2.30926e-14, 2.13163e-14, -2.66454e-15, -4.9738e-14, -6.66134e-15]
Norm: 1.19802e-12

Value: 9.87157
Vector: [-40.0351, 46.9123, 98.7351, -54.5096, 79.0377, -26.1333, -60.2921, -10.7536, 40.5627, 95.5767]
Norm: 4.22519e-13

Value: 8.89603
Vector: [40.0869, 90.9304, 52.8819, -27.073, -53.2192, 4.29666, -57.2124, -24.7985, -70.058, -0.518054]
Norm: 1.16208e-12

Value: 3.97502
Vector: [26.2386, 17.2327, 16.3343, 11.4122, -9.27474, 9.9851, 3.56412, 54.9146, 27.389, -4.81671]
Norm: 814.308

Value: 34.2794
Vector: [129.7, -117.195, 67.2717, -24.1572, 216.117, 95.1026, -79.7368, 96.8085, 21.147, -75.9738]
Norm: 10162.3

Value: 80.2024
Vector: [189.581, -245.951, 115.196, 442.861, 127.379, -17.2428, 18.2959, 129.23, 110.715, -375.782]
Norm: 55346.1

Value: 8.50312
Vector: [5.66214e-15, 2.13163e-14, 1.33227e-14, -3.90799e-14, 4.08562e-14, 2.84217e-14, -1.68754e-14, -3.55271e-15, -4.61853e-14, 1.59872e-14]
Norm: 6.41081e-14

Value: 27.0742
Vector: [-53.5323, 39.9344, 64.2311, -48.6838, -25.667, 24.9392, -27.5235, 69.2385, -66.7769, 75.01]
Norm: 5572.25

Value: 58.9663
Vector: [27.4316, 254.749, 161.693, 132.864, -141.348, -91.5513, -106.995, 2.30418, -9.72865, 34.2307]
Norm: 25299.6

Value: 0
Vector: [-4.42478, -18.0309, -27.6646, -8.9189, 19.1355, 36.842, -43.3213, -36.2565, 20.034, 10.3886]
Norm: 853.089

Value: 0
Vector: [24.2367, -18.9067, 28.0009, -17.6635, -4.04967, 6.49568, -0.32127, 6.34127, -8.60569, 9.23547]
Norm: 422.933

Value: 7.91726
Vector: [-3.90799e-14, 1.59872e-14, -5.32907e-15, 4.9738e-14, -4.61853e-14, -2.24265e-14, -3.9968e-14, -2.13163e-14, 1.59872e-14, 3.55271e-15]
Norm: 1.37914e-12

Value: 10.8386
Vector: [87.5271, -61.7883, 104.787, 46.7434, 81.2429, 43.3478, -52.1625, -108.481, 87.0134, 4.13114]
Norm: 3.06852e-13

Value: 141.01
Vector: [-294.957, 316.468, -65.1451, 286.211, 61.9602, -750.795, 178.706, 200.834, 94.6131, -14.9298]
Norm: 139835

Value: 10.0542
Vector: [-2.13163e-14, 3.55271e-14, -3.55271e-14, -2.13163e-14, 2.84217e-14, -7.10543e-15, 3.19744e-14, 5.32907e-15, 1.95399e-14, 1.42109e-14]
Norm: 1.34716e-12

Value: 6.26409
Vector: [-17.2396, -0.438419, -25.579, -38.2163, 32.6875, 12.0103, 5.721, 15.9671, -6.26497, -5.25593]
Norm: 621.875

Value: 12.8471
Vector: [-78.8528, 6.43149, -27.5713, -18.0862, 1.45743, 84.3356, -8.4897, -19.9776, 18.7594, 45.5949]
Norm: 1714.05

Value: 54.4574
Vector: [466.131, -56.0318, 178.792, -187.335, 39.1974, -59.8291, 174.854, -63.8963, -91.7344, 349.72]
Norm: 30368.7

Value: 27.9437
Vector: [50.5777, 120.411, 29.145, -39.1297, 40.32, 66.4246, 5.86873, 72.1791, 3.71589, 75.7415]
Norm: 6756.62

Value: 53.1355
Vector: [117.518, -123.69, -88.7123, 129.229, -63.119, -8.99345, 76.9862, 36.382, 255.748, -69.3256]
Norm: 21946.8

Value: 11.3688
Vector: [54.042, -15.8128, -64.8458, 126.928, -100.992, 164.3, -73.079, 3.43633, 16.4335, -22.8132]
Norm: 6.93025e-13

Value: 11.39
Vector: [-4.61853e-14, -3.19744e-14, 7.10543e-14, 1.02141e-14, -3.19744e-14, -2.84217e-14, -8.88178e-16, 6.39488e-14, -9.9476e-14, -8.52651e-14]
Norm: 3.96276e-12

Value: 17.3788
Vector: [86.7167, 64.9164, -42.2786, 65.7658, 4.94462, -9.54827, -42.6096, 76.9926, 15.8024, -6.66947]
Norm: 3567.7

Value: 9.3004
Vector: [2.5928, -0.974118, -2.64983, 1.34639, -0.652694, 0.321641, -2.88983, 1.00167, -0.294236, -0.562251]
Norm: 107.064

Value: 12.0979
Vector: [6.7151, -35.688, -12.6417, 11.2075, -23.3843, -3.89201, 30.8219, -40.3706, -20.5183, -5.86053]
Norm: 1320.98

Value: 10.089
Vector: [112.627, 1.30794, -78.5034, -42.2667, -9.96246, 10.4473, -36.2186, -43.0974, 61.8886, -116.615]
Norm: 2.89584e-13

Value: 55.0955
Vector: [-133.343, 245.349, -90.1822, -104.052, -106.027, 347.455, 232.572, -195.716, 210.465, -48.6985]
Norm: 30340.7

Value: 12.9917
Vector: [10.5239, -54.4463, 6.79237, 59.7546, 84.6383, -29.3474, 53.3139, -47.3824, 57.8328, -110.301]
Norm: 964.667

Value: 8.34521
Vector: [-2.13163e-14, -8.88178e-16, 2.13163e-14, -1.06581e-14, 2.13163e-14, 7.10543e-15, 4.26326e-14, 3.19744e-14, 2.4869e-14, -1.55431e-15]
Norm: 1.11208e-12

Value: 16.9355
Vector: [-11.9567, -8.91233, -19.5453, -14.4565, -40.8226, 38.7056, 24.758, -18.7434, 9.77643, 40.4053]
Norm: 2069.59

Value: 9.84007
Vector: [-1.42109e-14, 7.10543e-15, 7.10543e-15, -7.10543e-15, 0, -4.44089e-15, 3.55271e-14, -1.95399e-14, 2.22045e-16, 2.84217e-14]
Norm: 6.77632e-13

Value: 10.7483
Vector: [0, 1.77636e-15, -4.26326e-14, 3.55271e-15, 1.06581e-14, -2.13163e-14, 0, -6.66134e-15, 0, -2.84217e-14]
Norm: 1.11064e-12

Value: 9.8315
Vector: [-7.10543e-15, -1.42109e-14, 3.55271e-15, -3.55271e-14, -1.77636e-15, 1.42109e-14, 4.44089e-15, -7.10543e-15, 2.13163e-14, -1.42109e-14]
Norm: 8.99734e-13

Value: 10.5458
Vector: [27.0583, 52.919, -115.623, -68.8784, 113.407, -50.3529, 24.6092, -43.4131, 70.7026, 70.309]
Norm: 6.04254e-13

Value: 49.2366
Vector: [0.239796, 187.901, -97.6443, -38.2645, 60.6287, -14.0884, 109.734, 61.3314, -102.766, -129.01]
Norm: 16862.5

Value: 16.8589
Vector: [-29.1715, 40.6239, -6.13779, 11.0164, -12.5868, 26.5192, -33.377, 5.34602, 43.6534, -4.25041]
Norm: 2028.65

Value: 9.14616
Vector: [3.55271e-15, 1.42109e-14, -7.10543e-15, 1.33227e-15, 1.42109e-14, -3.55271e-15, -1.42109e-14, 1.24345e-14, -1.77636e-15, 0]
Norm: 3.56524e-13

Value: 12.9252
Vector: [34.548, -53.9978, 50.923, 3.18134, 62.8858, -16.0143, 60.8512, -14.8499, 56.8173, 22.642]
Norm: 1507.32

Value: 28.7378
Vector: [-84.4213, 15.6011, 4.55017, -104.359, -50.4579, 17.6596, -88.5189, -57.6268, -67.1864, 47.4131]
Norm: 6911.23

Value: 17.9062
Vector: [54.6534, -77.8794, 7.25628, -51.6312, 34.4491, -7.36008, 33.6073, -80.3272, -92.1498, -0.742782]
Norm: 3603.66

Value: 10.733
Vector: [-5.68434e-14, 7.10543e-14, -7.10543e-14, 0, 2.4869e-14, -5.32907e-15, 3.55271e-15, 2.13163e-14, -2.84217e-14, 7.10543e-15]
Norm: 2.50101e-12

Value: 48.7408
Vector: [58.3703, -141.496, 19.0962, 133.995, 108.791, 253.78, 74.8625, 154.362, -98.5817, 26.8238]
Norm: 22128.4

Value: 9.13099
Vector: [5.9952e-15, 1.20792e-13, -4.12115e-13, -2.52243e-13, -2.55795e-13, 4.47642e-13, -3.48166e-13, -5.18696e-13, -3.90799e-13, -8.34888e-14]
Norm: 1.88512e-11

Value: 8.38847
Vector: [0, 0, -1.77636e-15, 0, -1.06581e-14, 6.21725e-15, 7.10543e-15, 0, 8.88178e-15, -7.10543e-15]
Norm: 9.48491e-14

Value: 10.966
Vector: [-42.6282, -38.529, 58.0069, 34.0082, 140.329, 98.954, 3.2586, 64.0258, 21.8051, 126.293]
Norm: 5.18574e-12

Value: 22.4517
Vector: [-57.3983, -59.4385, -45.7481, -41.4254, -5.53515, 20.4606, 6.19861, 7.02059, 78.2464, -5.30522]
Norm: 4103.89

Value: 37.5509
Vector: [-14.9501, -24.2217, 60.8107, -81.193, 134.301, 149.068, -130.935, -145.989, 51.2624, 37.0817]
Norm: 10194

Value: 21.0854
Vector: [-89.6348, 72.4202, -164.788, -3.8696, 1.412, -63.9606, 135.428, 1.1443, 49.5693, 67.6041]
Norm: 3359.51

Value: 17.2931
Vector: [-27.5103, -101.567, 18.1166, 65.4771, -50.7237, 96.6066, -0.62506, -47.6992, -56.8338, -174.243]
Norm: 3909.36

Value: 9.94167
Vector: [3.45299, 11.343, -7.55919, 23.0464, -15.3137, -5.48396, -4.48964, 6.41843, 1.45584, 6.09048]
Norm: 583.634

Value: 13.2469
Vector: [-5.17475, -32.6379, -6.20189, 15.1857, 21.085, -12.6646, 2.39385, -5.60507, 1.68799, -25.9151]
Norm: 1183.06

Value: 9.48162
Vector: [-1.42109e-14, 1.06581e-14, -5.32907e-15, 1.06581e-14, -2.66454e-15, -2.13163e-14, 2.84217e-14, -5.32907e-15, -7.10543e-15, 8.88178e-15]
Norm: 8.17402e-13

Value: 9.67355
Vector: [7.10543e-15, 7.10543e-15, 1.06581e-14, 3.55271e-14, 0, -4.44089e-15, 2.30926e-14, 1.42109e-14, -2.13163e-14, 7.10543e-15]
Norm: 7.65444e-13

Value: 9.27132
Vector: [-3.90799e-14, 2.4869e-14, 3.90799e-14, -2.13163e-14, 7.10543e-15, 7.10543e-14, 1.42109e-14, 6.39488e-14, -1.77636e-14, -7.81597e-14]
Norm: 2.49141e-12

Value: 8.58361
Vector: [-5.31957, 55.1698, 87.3401, 45.3005, -47.5243, -24.1772, 68.5476, 28.9463, -24.1164, 0.515766]
Norm: 2.51625e-12

Value: 10.0154
Vector: [29.6241, 5.69604, -103.246, -46.0074, -34.6308, 87.8699, 91.2797, -44.0775, -85.5399, -6.98976]
Norm: 3.07671e-12

Value: 90.6795
Vector: [-36.3215, 325.521, -227.634, -206.06, -42.2583, 215.223, 192.619, -554.901, -335.985, -166.871]
Norm: 81119.8

Value: 6.28842
Vector: [-2.53812, 23.0482, 32.5737, 2.31517, 7.7185, -22.5481, 70.7068, -17.283, -20.7055, -21.4707]
Norm: 1085.96

Value: 7.70824
Vector: [1.95399e-14, 1.77636e-14, 2.13163e-14, -1.42109e-14, -3.55271e-15, 7.99361e-15, -8.88178e-15, -3.55271e-15, 3.55271e-15, -2.66454e-14]
Norm: 9.84241e-14

Value: 10.3064
Vector: [12.4009, -32.8199, 13.6893, -67.0566, 45.6529, 40.025, -9.62438, -8.11012, 51.5502, 50.5823]
Norm: 841.671

Value: 14.5689
Vector: [8.48604, 10.117, 11.9934, -26.8926, -23.6301, 22.5384, 36.6911, -18.955, 10.1015, 19.9086]
Norm: 1520.62

Value: 14.1452
Vector: [-15.2875, -14.5646, -81.0834, -43.36, 97.85, 134.399, 78.4624, -34.7553, 121.705, -27.0867]
Norm: 2929.47

Value: 11.2493
Vector: [37.5934, -82.7799, 60.1418, -5.63115, 53.7169, -47.1223, -119.824, 155.258, -34.3915, 85.9627]
Norm: 3.15292e-13

Value: 8.27785
Vector: [-14.8044, 42.0116, -4.72534, 3.0189, 24.7379, -49.7505, 48.5973, 26.5275, -13.9293, 26.4129]
Norm: 1275.94

Value: 10.0075
Vector: [-39.1201, -54.8393, 47.6418, 7.29586, -5.05494, -24.5417, 106.735, -145.075, -6.97383, -11.962]
Norm: 7.62285e-12

Value: 12.4915
Vector: [7.10543e-15, 5.32907e-15, 3.55271e-15, 7.10543e-15, -1.42109e-14, -3.55271e-15, -1.42109e-14, -3.55271e-15, -7.10543e-15, 1.42109e-14]
Norm: 5.98319e-13

Value: 8.48203
Vector: [-1.54543e-13, -5.59552e-14, 1.70974e-14, -4.68958e-13, -1.26121e-13, 5.04485e-13, -1.59872e-13, -5.18696e-13, 3.2685e-13, 4.81837e-14]
Norm: 1.56694e-11

Value: 0
Vector: [-37.1423, -9.96084, 8.25075, -3.42132, 15.2362, 35.7887, 22.089, -13.9847, 2.84886, 4.16011]
Norm: 455.554

Value: 8.08392
Vector: [4.44089e-16, 2.66454e-15, -5.32907e-15, 7.10543e-15, 1.77636e-15, 0, -7.10543e-15, 0, -7.10543e-15, -7.10543e-15]
Norm: 8.78616e-14

Value: 12.237
Vector: [-27.1391, -15.0237, -38.3787, -14.9076, -13.2683, 8.20414, -15.2876, -16.1053, -18.0553, 14.315]
Norm: 1201.07

Value: 111.428
Vector: [216.182, 5.34183, 0.44403, 132.411, -253.23, 351.074, -191.904, 24.9784, 349.529, -67.6767]
Norm: 74000.4

Value: 0
Vector: [1.18696, 5.18816, 21.7063, 27.5438, -12.0351, -4.64467, -6.68296, 12.8723, 23.7604, -18.3396]
Norm: 399.926

Value: 104.477
Vector: [530.925, -138.548, -57.1937, 258.508, -162.835, -290.053, 284.526, 144.873, -402.397, -184.851]
Norm: 98550.1

Value: 8.09023
Vector: [-3.19744e-14, 0, -9.76996e-15, -1.77636e-14, -1.59872e-14, 8.88178e-15, -2.13163e-14, -2.30926e-14, 3.19744e-14, -1.42109e-14]
Norm: 7.05286e-13

Value: 13.749
Vector: [-28.4067, -16.5136, 29.2722, -73.6208, -39.7189, -52.2639, -14.8847, 62.1318, -69.2422, 21.4242]
Norm: 1503.44

Value: 8.59273
Vector: [37.5676, 1.0959, -95.2164, -23.2194, -28.8772, 19.5544, -30.7918, 56.9218, 28.8725, -67.4575]
Norm: 3.92684e-11

Value: 11.7376
Vector: [51.6822, 50.5058, -72.7862, -58.3791, 47.7319, -43.817, 14.6086, 26.9991, 45.364, 5.21604]
Norm: 1966.91

Value: 9.30904
Vector: [7.19463, 31.5076, 47.019, -72.346, -29.0517, -31.388, -35.9695, -43.7355, 3.36288, -128.461]
Norm: 8.98612e-13

Value: 9.73922
Vector: [-6.39488e-14, -2.66454e-15, -3.73035e-14, 4.26326e-14, 0, -8.52651e-14, -3.90799e-14, -3.19744e-14, 3.90799e-14, -6.39488e-14]
Norm: 2.93728e-12

Value: 6.9815
Vector: [-17.369, -24.4799, -21.7541, -52.4577, 51.2935, -11.9946, 44.9176, -9.88558, -16.6427, -14.4811]
Norm: 9.53293e-14

Value: 11.787
Vector: [22.2778, 22.8845, -28.6604, 1.16231, 17.4803, -14.078, 4.71365, 12.7625, 10.4025, -13.2425]
Norm: 979.111

Value: 9.5506
Vector: [23.1144, 6.72389, 6.86357, 26.4442, 39.2003, 15.7312, 13.5467, 10.8816, -12.008, 1.75022]
Norm: 1013.01

Value: 25.546
Vector: [1.72677, -183.442, -14.4844, -106.712, -13.8079, 34.1252, -101.152, 88.3761, -5.2514, 15.3689]
Norm: 5764.1

Value: 3.67023
Vector: [27.1201, 3.15462, -34.1577, 4.09785, 10.5082, 17.8366, -8.27986, -10.5231, 4.09916, -1.88298]
Norm: 533.865

Value: 8.42368
Vector: [-3.55271e-15, -7.54952e-15, 5.32907e-15, -1.77636e-14, 0, -5.75234e-15, 0, -1.77636e-15, 5.32907e-15, 1.06581e-14]
Norm: 2.2485e-13

Value: 27.271
Vector: [19.7254, 9.00535, 15.748, 97.6108, -13.4354, -45.5861, 69.4118, 23.2583, 145.77, -55.3895]
Norm: 7326.77

Value: 10.9622
Vector: [6.52061, 54.0234, -41.4978, -19.7499, 68.0935, 109.339, 108.341, 153.837, 10.5172, -24.1811]
Norm: 8.74814e-12

Value: 10.3299
Vector: [-3.55271e-14, -2.84217e-14, -1.59872e-14, -3.55271e-15, 8.52651e-14, -1.77636e-15, -9.9476e-14, -6.39488e-14, 7.10543e-14, -1.24345e-14]
Norm: 3.48852e-12

Value: 26.6843
Vector: [-33.2308, 103.325, -39.6827, 6.90474, 79.0315, 26.2592, 46.3039, 55.5961, -11.8091, 28.6704]
Norm: 5311.54

Value: 9.66878
Vector: [64.5603, 30.3833, -71.0007, -18.3247, -26.7789, 43.3228, 115.09, 14.4111, 20.5608, 89.5541]
Norm: 1.40652e-12

Value: 10.2807
Vector: [-3.55271e-14, -7.10543e-14, -4.9738e-14, -1.95399e-14, -7.81597e-14, -3.9968e-15, 5.77316e-15, 4.61853e-14, -4.88498e-15, -6.39488e-14]
Norm: 2.85725e-12

Value: 0
Vector: [-33.9152, -14.3558, -15.6302, 33.1534, 30.4147, -31.3166, -11.0628, -47.9667, 16.4113, 10.7553]
Norm: 880.233

Value: 7.66575
Vector: [27.2574, 13.6457, -25.9522, 32.3352, 23.5988, 12.3051, 5.60782, 2.03414, 7.4141, 2.46002]
Norm: 9.97927e-14

Value: 8.17406
Vector: [49.9319, -50.1125, -8.43899, -80.4334, 35.7115, -40.1826, 29.1813, 74.5451, -59.071, 26.2491]
Norm: 1321.95

Value: 9.6195
Vector: [8.68759, -9.30775, -81.05, 73.6409, 101.493, -46.1947, 7.35937, 91.5266, -20.0661, -28.7699]
Norm: 7.71585e-13

Value: 10.6688
Vector: [52.6909, 29.871, -65.6766, 87.7246, -23.4038, 71.5924, -36.9206, -95.4164, 96.6381, 103.272]
Norm: 6.5801e-13

Value: 14.929
Vector: [26.5252, -20.774, -20.8487, 123.822, 72.7316, -3.23041, 43.2726, 41.0799, -52.7572, -4.73664]
Norm: 2340.85

Value: 0
Vector: [-31.3983, -34.7472, -4.83819, 41.3112, -25.2956, 39.4102, -2.96946, 40.7862, 41.6534, -27.4528]
Norm: 1052.92

Value: 11.4257
Vector: [124.993, -51.3741, 1.03298, 7.12804, 100.741, 12.2254, 16.8645, 96.7169, -64.397, 160.532]
Norm: 5.32602e-13

Value: 7.94004
Vector: [-7.4607e-14, -3.37508e-14, 1.06581e-14, -4.9738e-14, 8.88178e-14, 9.23706e-14, 2.22045e-14, -4.44089e-14, 9.76996e-15, -9.23706e-14]
Norm: 2.79309e-12

